{
 "cells": [
  {
   "cell_type": "code",
   "execution_count": 2,
   "metadata": {},
   "outputs": [
    {
     "name": "stderr",
     "output_type": "stream",
     "text": [
      "/tmp/ipykernel_590889/1561577914.py:8: MatplotlibDeprecationWarning: The get_cmap function was deprecated in Matplotlib 3.7 and will be removed two minor releases later. Use ``matplotlib.colormaps[name]`` or ``matplotlib.colormaps.get_cmap(obj)`` instead.\n",
      "  clist = [cm.get_cmap(\"gnuplot\")(float(i)/float(len(Tlist))) for i in range(len(Tlist))]\n"
     ]
    }
   ],
   "source": [
    "import os\n",
    "import numpy as np\n",
    "import math\n",
    "import matplotlib.pyplot as plt\n",
    "\n",
    "Tlist = [1.0]\n",
    "from matplotlib.pyplot import cm\n",
    "clist = [cm.get_cmap(\"gnuplot\")(float(i)/float(len(Tlist))) for i in range(len(Tlist))]\n",
    "font={'family':'serif',\n",
    "      # 'style':'italic',  # 斜体\n",
    "      'weight':'normal',\n",
    "      # 'color':'red',\n",
    "      'size': 18\n",
    "}"
   ]
  },
  {
   "cell_type": "code",
   "execution_count": 3,
   "metadata": {},
   "outputs": [],
   "source": [
    "def read_kernel_33(dirname):\n",
    "    filename = os.path.join(dirname, \"s0-Sk-33-real.dat\")\n",
    "    with open(filename,\"r\") as fp:\n",
    "        fp.readline()\n",
    "        s011,covs011 = tuple([float(x) for x in fp.readline().split()[1:]])\n",
    "    return s011, covs011\n",
    "\n",
    "def read_kernel(dirname, elempair):\n",
    "    filename = os.path.join(dirname, \"s0-Sk-\"+elempair+\"-real.dat\")\n",
    "    with open(filename,\"r\") as fp:\n",
    "        fp.readline()\n",
    "        s011,covs011 = tuple([float(x) for x in fp.readline().split()[1:]])\n",
    "    return s011, covs011\n",
    "\n",
    "def read_kernel_22(dirname):\n",
    "    filename = os.path.join(dirname, \"s0-Sk-22-real.dat\")\n",
    "    with open(filename,\"r\") as fp:\n",
    "        fp.readline()\n",
    "        s011,covs011 = tuple([float(x) for x in fp.readline().split()[1:]])\n",
    "    return s011, covs011"
   ]
  },
  {
   "cell_type": "code",
   "execution_count": 4,
   "metadata": {},
   "outputs": [],
   "source": [
    "def read_lammpstrj(filedesc):\n",
    "    # three comment lines\n",
    "    for i in range(3): comment = filedesc.readline()\n",
    "    # number of atoms\n",
    "    natoms = int(filedesc.readline())\n",
    "\n",
    "    # 1 comment line\n",
    "    comment = filedesc.readline()\n",
    "    # assume orthorombic cell\n",
    "    cell = np.zeros(3,float)\n",
    "    for i in range(3):\n",
    "        # [cellmin, cellmax] = filedesc.readline().split()\n",
    "        linec = filedesc.readline().split()\n",
    "        cellmin = linec[0]\n",
    "        cellmax = linec[1]\n",
    "        cell[i] = float(cellmax) - float(cellmin)\n",
    "\n",
    "    # 1 comment line\n",
    "    comment = filedesc.readline()\n",
    "    names = np.zeros(natoms,'U2')\n",
    "    q = np.zeros((natoms,3),float)\n",
    "    sq = np.zeros((natoms,3),float)\n",
    "\n",
    "    for i in range(natoms):\n",
    "        line = filedesc.readline().split();\n",
    "        names[i] = line[1] # atom type\n",
    "        q[i] = line[2:5] # wrapped atomic coordinates\n",
    "        sq[i,0] = float(q[i,0])/cell[0] # scaled atomic coordinates\n",
    "        sq[i,1] = float(q[i,1])/cell[1] # scaled atomic coordinates\n",
    "        sq[i,2] = float(q[i,2])/cell[2] # scaled atomic coordinates\n",
    "    return [cell, names, sq]"
   ]
  },
  {
   "cell_type": "code",
   "execution_count": 5,
   "metadata": {},
   "outputs": [],
   "source": [
    "import numpy as np\n",
    "import torch\n",
    "from torch.autograd.functional import jacobian\n",
    "from torch.autograd.functional import hessian"
   ]
  },
  {
   "cell_type": "code",
   "execution_count": 6,
   "metadata": {},
   "outputs": [],
   "source": [
    "def cofactor(B):\n",
    "    return (np.linalg.inv(B)).T * np.linalg.det(B)\n"
   ]
  },
  {
   "cell_type": "code",
   "execution_count": 7,
   "metadata": {},
   "outputs": [],
   "source": [
    "def fillDmat(x, Smat):\n",
    "    assert Smat.shape[0] == Smat.shape[1] and len(Smat.shape) == 2\n",
    "    rank = Smat.shape[0]  \n",
    "    Dmat = np.eye(rank)\n",
    "    for i in range(rank):\n",
    "        for j in range(rank):\n",
    "            if i != j:\n",
    "                Dmat[i][j] += np.sqrt(x[j]/x[i])*(Smat[i][j])\n",
    "            else:\n",
    "                Dmat[i][j] += np.sqrt(x[j]/x[i])*(Smat[i][j]-1)\n",
    "    return Dmat\n",
    "\n",
    "def fillDmat_(x, Smat):\n",
    "    assert Smat.shape[0] == Smat.shape[1] and len(Smat.shape) == 2\n",
    "    rank = Smat.shape[0]  \n",
    "    Dmat = torch.eye(rank).to(torch.float64)\n",
    "    for i in range(rank):\n",
    "        for j in range(rank):\n",
    "            if i != j:\n",
    "                Dmat[i][j] += torch.sqrt(x[j]/x[i])*(Smat[i][j])\n",
    "            else:\n",
    "                Dmat[i][j] += torch.sqrt(x[j]/x[i])*(Smat[i][j]-1)\n",
    "    return Dmat"
   ]
  },
  {
   "cell_type": "code",
   "execution_count": 8,
   "metadata": {},
   "outputs": [],
   "source": [
    "def fillapproxGmat(Smat):\n",
    "    assert Smat.shape[0] == Smat.shape[1] and len(Smat.shape) == 2\n",
    "    rank = Smat.shape[0]  \n",
    "    Gmat = Smat/0.04-np.eye(rank,rank)/0.04\n",
    "    return Gmat\n",
    "\n",
    "def fillapproxGmat_(Smat):\n",
    "    assert Smat.shape[0] == Smat.shape[1] and len(Smat.shape) == 2\n",
    "    rank = Smat.shape[0]  \n",
    "    Gmat = Smat/0.04-torch.eye(rank,rank).to(torch.float64)/0.04\n",
    "    return Gmat"
   ]
  },
  {
   "cell_type": "code",
   "execution_count": 15,
   "metadata": {},
   "outputs": [],
   "source": [
    "def KBI_mu(x_, Smat_, elem=0):\n",
    "    rank = x_.shape[0]\n",
    "    Smat_ = Smat_.reshape(rank, rank)\n",
    "    approx_Gmat = fillapproxGmat_(Smat_)\n",
    "    print(\"            Smat = \")\n",
    "    print(Smat_.detach().numpy())\n",
    "    # print(\"Approximate Gmat = \", approx_Gmat[0,0], approx_Gmat[1,1], approx_Gmat[0,1], approx_Gmat[1,0])\n",
    "    # Smat_ = torch.from_numpy(Smat).requires_grad_()\n",
    "    \n",
    "    # Gmat = fillGmat(c, Smat)\n",
    "    # Bmat = fillBmat(c, Gmat)\n",
    "    # Dmat = fillDmat(x,Smat)\n",
    "    Dmat_ = fillDmat_(x_,Smat_)\n",
    "    # tiDmat = np.linalg.inv(Dmat).T\n",
    "    tiDmat_ = torch.linalg.inv(Dmat_).T\n",
    "    # Kai_NPT = np.zeros([rank,rank])\n",
    "    Kai_NPT_ = torch.zeros([rank,rank], dtype=torch.float64)\n",
    "    # x_ = torch.from_numpy(x).requires_grad_()\n",
    "    for i in range(rank):\n",
    "        for j in range(rank):\n",
    "            s1 = 0.0\n",
    "            s2 = 0.0\n",
    "            s3 = 0.0\n",
    "            for k in range(rank):\n",
    "                s1 += tiDmat_[k][i]\n",
    "                s2 += tiDmat_[k][j]\n",
    "                for h in range(rank):\n",
    "                    s3 += x_[h]*tiDmat_[k][h]\n",
    "            Kai_NPT_[i][j] = tiDmat_[i][j]/x_[i] - s1*s2/s3\n",
    "    # print(\"Kai_NPT     = \",Kai_NPT_)\n",
    "    Kai_NPT_lnx_ = torch.zeros(rank).to(torch.float64)\n",
    "    for i in range(rank):\n",
    "        for j in range(rank):\n",
    "            if i==j: \n",
    "                Kai_NPT_lnx_[i] += Kai_NPT_[i][i]*x_[i]\n",
    "            else:\n",
    "                Kai_NPT_lnx_[i] -= Kai_NPT_[i][j]*x_[i]\n",
    "    # print(\"Kai_NPT_inx = \", Kai_NPT_lnx_)\n",
    "    \n",
    "    Kai_NPT_00_a = 1./(x_[1]*Smat_[0][0]+x_[0]*Smat_[1][1]-2*torch.sqrt(x_[0]*x_[1])*Smat_[0][1])  \n",
    "    # print(\"!!!!!! checking:: \", (x_[1]*Smat_[0][0]+x_[0]*Smat_[1][1]-2*torch.sqrt(x_[0]*x_[1])*Smat_[0][1]), Kai_NPT_00_a) \n",
    "    # assert math.isclose(Kai_NPT_lnx_[0].detach().numpy(), Kai_NPT_00_a.detach().numpy(), abs_tol =  1e-4)\n",
    "    return Kai_NPT_lnx_[elem]"
   ]
  },
  {
   "cell_type": "code",
   "execution_count": 24,
   "metadata": {},
   "outputs": [
    {
     "name": "stdout",
     "output_type": "stream",
     "text": [
      "[[0.05, 0.05, 0.8999999999999999], [0.05, 0.1, 0.85], [0.05, 0.15000000000000002, 0.7999999999999999], [0.05, 0.2, 0.75], [0.05, 0.25, 0.7], [0.05, 0.3, 0.6499999999999999], [0.05, 0.35000000000000003, 0.5999999999999999], [0.05, 0.4, 0.5499999999999999], [0.05, 0.45, 0.49999999999999994], [0.05, 0.5, 0.44999999999999996], [0.05, 0.55, 0.3999999999999999], [0.05, 0.6000000000000001, 0.34999999999999987], [0.05, 0.6500000000000001, 0.2999999999999998], [0.05, 0.7000000000000001, 0.2499999999999999], [0.05, 0.7500000000000001, 0.19999999999999984], [0.05, 0.8, 0.1499999999999999], [0.05, 0.8500000000000001, 0.09999999999999987], [0.05, 0.9000000000000001, 0.04999999999999982]]\n"
     ]
    }
   ],
   "source": [
    "frac_1 = 0.05\n",
    "frac_2 = np.arange(0.05, 0.95, 0.05)\n",
    "frac_3 = 1-frac_1-frac_2\n",
    "molfrac_list=[[frac_1, frac_2[i], frac_3[i]] for i in range(len(frac_2))]\n",
    "print(molfrac_list)\n"
   ]
  },
  {
   "cell_type": "code",
   "execution_count": 18,
   "metadata": {},
   "outputs": [
    {
     "name": "stdout",
     "output_type": "stream",
     "text": [
      "Mole fraction of atoms in the system = (0.05, 0.05, 0.8999999999999999)\n",
      "            Smat = \n",
      "[[ 0.94838482 -0.04929029 -0.20490036]\n",
      " [-0.04929029  0.94641759 -0.19988934]\n",
      " [-0.20490036 -0.19988934  0.11575807]]\n",
      "            Smat = \n",
      "[[ 0.94838482 -0.04929029 -0.20490036]\n",
      " [-0.04929029  0.94641759 -0.19988934]\n",
      " [-0.20490036 -0.19988934  0.11575807]]\n",
      "Kai_NPT_lnx =  tensor(1.0558, dtype=torch.float64, grad_fn=<SelectBackward0>) tensor(1.9161, dtype=torch.float64, grad_fn=<SelectBackward0>)\n",
      "            Smat = \n",
      "[[ 0.94838482 -0.04929029 -0.20490036]\n",
      " [-0.04929029  0.94641759 -0.19988934]\n",
      " [-0.20490036 -0.19988934  0.11575807]]\n",
      "\n",
      "\n",
      "Mole fraction of atoms in the system = (0.05, 0.1, 0.85)\n",
      "            Smat = \n",
      "[[ 0.94857572 -0.06716625 -0.20089979]\n",
      " [-0.06716625  0.88727377 -0.27054423]\n",
      " [-0.20089979 -0.27054423  0.15892529]]\n",
      "            Smat = \n",
      "[[ 0.94857572 -0.06716625 -0.20089979]\n",
      " [-0.06716625  0.88727377 -0.27054423]\n",
      " [-0.20089979 -0.27054423  0.15892529]]\n",
      "Kai_NPT_lnx =  tensor(1.1233, dtype=torch.float64, grad_fn=<SelectBackward0>) tensor(1.8777, dtype=torch.float64, grad_fn=<SelectBackward0>)\n",
      "            Smat = \n",
      "[[ 0.94857572 -0.06716625 -0.20089979]\n",
      " [-0.06716625  0.88727377 -0.27054423]\n",
      " [-0.20089979 -0.27054423  0.15892529]]\n",
      "\n",
      "\n",
      "Mole fraction of atoms in the system = (0.05, 0.15000000000000002, 0.7999999999999999)\n",
      "            Smat = \n",
      "[[ 0.94414231 -0.08797036 -0.19291736]\n",
      " [-0.08797036  0.84323456 -0.32170074]\n",
      " [-0.19291736 -0.32170074  0.20301061]]\n",
      "            Smat = \n",
      "[[ 0.94414231 -0.08797036 -0.19291736]\n",
      " [-0.08797036  0.84323456 -0.32170074]\n",
      " [-0.19291736 -0.32170074  0.20301061]]\n",
      "Kai_NPT_lnx =  tensor(1.1631, dtype=torch.float64, grad_fn=<SelectBackward0>) tensor(1.8445, dtype=torch.float64, grad_fn=<SelectBackward0>)\n",
      "            Smat = \n",
      "[[ 0.94414231 -0.08797036 -0.19291736]\n",
      " [-0.08797036  0.84323456 -0.32170074]\n",
      " [-0.19291736 -0.32170074  0.20301061]]\n",
      "\n",
      "\n",
      "Mole fraction of atoms in the system = (0.05, 0.2, 0.75)\n",
      "            Smat = \n",
      "[[ 0.95721098 -0.09844609 -0.19127386]\n",
      " [-0.09844609  0.79278205 -0.35946347]\n",
      " [-0.19127386 -0.35946347  0.24771805]]\n",
      "            Smat = \n",
      "[[ 0.95721098 -0.09844609 -0.19127386]\n",
      " [-0.09844609  0.79278205 -0.35946347]\n",
      " [-0.19127386 -0.35946347  0.24771805]]\n",
      "Kai_NPT_lnx =  tensor(1.2230, dtype=torch.float64, grad_fn=<SelectBackward0>) tensor(1.7812, dtype=torch.float64, grad_fn=<SelectBackward0>)\n",
      "            Smat = \n",
      "[[ 0.95721098 -0.09844609 -0.19127386]\n",
      " [-0.09844609  0.79278205 -0.35946347]\n",
      " [-0.19127386 -0.35946347  0.24771805]]\n",
      "\n",
      "\n",
      "Mole fraction of atoms in the system = (0.05, 0.25, 0.7)\n",
      "            Smat = \n",
      "[[ 0.95462754 -0.12146719 -0.17963316]\n",
      " [-0.12146719  0.73810472 -0.3822307 ]\n",
      " [-0.17963316 -0.3822307   0.28773459]]\n",
      "            Smat = \n",
      "[[ 0.95462754 -0.12146719 -0.17963316]\n",
      " [-0.12146719  0.73810472 -0.3822307 ]\n",
      " [-0.17963316 -0.3822307   0.28773459]]\n",
      "Kai_NPT_lnx =  tensor(1.2622, dtype=torch.float64, grad_fn=<SelectBackward0>) tensor(1.7796, dtype=torch.float64, grad_fn=<SelectBackward0>)\n",
      "            Smat = \n",
      "[[ 0.95462754 -0.12146719 -0.17963316]\n",
      " [-0.12146719  0.73810472 -0.3822307 ]\n",
      " [-0.17963316 -0.3822307   0.28773459]]\n",
      "\n",
      "\n",
      "Mole fraction of atoms in the system = (0.05, 0.3, 0.6499999999999999)\n",
      "            Smat = \n",
      "[[ 0.95249568 -0.12139969 -0.17716296]\n",
      " [-0.12139969  0.69582526 -0.41112778]\n",
      " [-0.17716296 -0.41112778  0.3383864 ]]\n",
      "            Smat = \n",
      "[[ 0.95249568 -0.12139969 -0.17716296]\n",
      " [-0.12139969  0.69582526 -0.41112778]\n",
      " [-0.17716296 -0.41112778  0.3383864 ]]\n",
      "Kai_NPT_lnx =  tensor(1.3265, dtype=torch.float64, grad_fn=<SelectBackward0>) tensor(1.6947, dtype=torch.float64, grad_fn=<SelectBackward0>)\n",
      "            Smat = \n",
      "[[ 0.95249568 -0.12139969 -0.17716296]\n",
      " [-0.12139969  0.69582526 -0.41112778]\n",
      " [-0.17716296 -0.41112778  0.3383864 ]]\n",
      "\n",
      "\n",
      "Mole fraction of atoms in the system = (0.05, 0.35000000000000003, 0.5999999999999999)\n",
      "            Smat = \n",
      "[[ 0.95681295 -0.13417991 -0.17128123]\n",
      " [-0.13417991  0.64591451 -0.42320561]\n",
      " [-0.17128123 -0.42320561  0.38103406]]\n",
      "            Smat = \n",
      "[[ 0.95681295 -0.13417991 -0.17128123]\n",
      " [-0.13417991  0.64591451 -0.42320561]\n",
      " [-0.17128123 -0.42320561  0.38103406]]\n",
      "Kai_NPT_lnx =  tensor(1.3784, dtype=torch.float64, grad_fn=<SelectBackward0>) tensor(1.6563, dtype=torch.float64, grad_fn=<SelectBackward0>)\n",
      "            Smat = \n",
      "[[ 0.95681295 -0.13417991 -0.17128123]\n",
      " [-0.13417991  0.64591451 -0.42320561]\n",
      " [-0.17128123 -0.42320561  0.38103406]]\n",
      "\n",
      "\n",
      "Mole fraction of atoms in the system = (0.05, 0.4, 0.5499999999999999)\n",
      "            Smat = \n",
      "[[ 0.95645761 -0.13782908 -0.16808297]\n",
      " [-0.13782908  0.59352656 -0.43195506]\n",
      " [-0.16808297 -0.43195506  0.42667117]]\n",
      "            Smat = \n",
      "[[ 0.95645761 -0.13782908 -0.16808297]\n",
      " [-0.13782908  0.59352656 -0.43195506]\n",
      " [-0.16808297 -0.43195506  0.42667117]]\n",
      "Kai_NPT_lnx =  "
     ]
    },
    {
     "name": "stderr",
     "output_type": "stream",
     "text": [
      "/tmp/ipykernel_590889/3836296678.py:47: UserWarning: The use of `x.T` on tensors of dimension other than 2 to reverse their shape is deprecated and it will throw an error in a future release. Consider `x.mT` to transpose batches of matrices or `x.permute(*torch.arange(x.ndim - 1, -1, -1))` to reverse the dimensions of a tensor. (Triggered internally at ../aten/src/ATen/native/TensorShape.cpp:3637.)\n",
      "  varmat_KaiNPT_lnx = torch.matmul(torch.matmul(jac, varmat_Smat_), jac.T)\n"
     ]
    },
    {
     "name": "stdout",
     "output_type": "stream",
     "text": [
      "tensor(1.4523, dtype=torch.float64, grad_fn=<SelectBackward0>) tensor(1.5968, dtype=torch.float64, grad_fn=<SelectBackward0>)\n",
      "            Smat = \n",
      "[[ 0.95645761 -0.13782908 -0.16808297]\n",
      " [-0.13782908  0.59352656 -0.43195506]\n",
      " [-0.16808297 -0.43195506  0.42667117]]\n",
      "\n",
      "\n",
      "Mole fraction of atoms in the system = (0.05, 0.45, 0.49999999999999994)\n",
      "            Smat = \n",
      "[[ 0.95928699 -0.15018423 -0.15855992]\n",
      " [-0.15018423  0.55227946 -0.44309409]\n",
      " [-0.15855992 -0.44309409  0.47651233]]\n",
      "            Smat = \n",
      "[[ 0.95928699 -0.15018423 -0.15855992]\n",
      " [-0.15018423  0.55227946 -0.44309409]\n",
      " [-0.15855992 -0.44309409  0.47651233]]\n",
      "Kai_NPT_lnx =  tensor(1.4810, dtype=torch.float64, grad_fn=<SelectBackward0>) tensor(1.5454, dtype=torch.float64, grad_fn=<SelectBackward0>)\n",
      "            Smat = \n",
      "[[ 0.95928699 -0.15018423 -0.15855992]\n",
      " [-0.15018423  0.55227946 -0.44309409]\n",
      " [-0.15855992 -0.44309409  0.47651233]]\n",
      "\n",
      "\n",
      "Mole fraction of atoms in the system = (0.05, 0.5, 0.44999999999999996)\n",
      "            Smat = \n",
      "[[ 0.94897567 -0.15685404 -0.14815934]\n",
      " [-0.15685404  0.50632847 -0.44590097]\n",
      " [-0.14815934 -0.44590097  0.52366123]]\n",
      "            Smat = \n",
      "[[ 0.94897567 -0.15685404 -0.14815934]\n",
      " [-0.15685404  0.50632847 -0.44590097]\n",
      " [-0.14815934 -0.44590097  0.52366123]]\n",
      "Kai_NPT_lnx =  tensor(1.5321, dtype=torch.float64, grad_fn=<SelectBackward0>) tensor(1.5005, dtype=torch.float64, grad_fn=<SelectBackward0>)\n",
      "            Smat = \n",
      "[[ 0.94897567 -0.15685404 -0.14815934]\n",
      " [-0.15685404  0.50632847 -0.44590097]\n",
      " [-0.14815934 -0.44590097  0.52366123]]\n",
      "\n",
      "\n",
      "Mole fraction of atoms in the system = (0.05, 0.55, 0.3999999999999999)\n",
      "            Smat = \n",
      "[[ 0.95347627 -0.16070248 -0.14625435]\n",
      " [-0.16070248  0.45393723 -0.43871142]\n",
      " [-0.14625435 -0.43871142  0.57072489]]\n",
      "            Smat = \n",
      "[[ 0.95347627 -0.16070248 -0.14625435]\n",
      " [-0.16070248  0.45393723 -0.43871142]\n",
      " [-0.14625435 -0.43871142  0.57072489]]\n",
      "Kai_NPT_lnx =  tensor(1.6057, dtype=torch.float64, grad_fn=<SelectBackward0>) tensor(1.4357, dtype=torch.float64, grad_fn=<SelectBackward0>)\n",
      "            Smat = \n",
      "[[ 0.95347627 -0.16070248 -0.14625435]\n",
      " [-0.16070248  0.45393723 -0.43871142]\n",
      " [-0.14625435 -0.43871142  0.57072489]]\n",
      "\n",
      "\n",
      "Mole fraction of atoms in the system = (0.05, 0.6000000000000001, 0.34999999999999987)\n",
      "            Smat = \n",
      "[[ 0.95157135 -0.16887795 -0.137564  ]\n",
      " [-0.16887795  0.40878414 -0.4325079 ]\n",
      " [-0.137564   -0.4325079   0.62339191]]\n",
      "            Smat = \n",
      "[[ 0.95157135 -0.16887795 -0.137564  ]\n",
      " [-0.16887795  0.40878414 -0.4325079 ]\n",
      " [-0.137564   -0.4325079   0.62339191]]\n",
      "Kai_NPT_lnx =  tensor(1.6491, dtype=torch.float64, grad_fn=<SelectBackward0>) tensor(1.3791, dtype=torch.float64, grad_fn=<SelectBackward0>)\n",
      "            Smat = \n",
      "[[ 0.95157135 -0.16887795 -0.137564  ]\n",
      " [-0.16887795  0.40878414 -0.4325079 ]\n",
      " [-0.137564   -0.4325079   0.62339191]]\n",
      "\n",
      "\n",
      "Mole fraction of atoms in the system = (0.05, 0.6500000000000001, 0.2999999999999998)\n",
      "            Smat = \n",
      "[[ 0.95132696 -0.17629201 -0.12815504]\n",
      " [-0.17629201  0.36093661 -0.41717729]\n",
      " [-0.12815504 -0.41717729  0.66838543]]\n",
      "            Smat = \n",
      "[[ 0.95132696 -0.17629201 -0.12815504]\n",
      " [-0.17629201  0.36093661 -0.41717729]\n",
      " [-0.12815504 -0.41717729  0.66838543]]\n",
      "Kai_NPT_lnx =  tensor(1.7016, dtype=torch.float64, grad_fn=<SelectBackward0>) tensor(1.3323, dtype=torch.float64, grad_fn=<SelectBackward0>)\n",
      "            Smat = \n",
      "[[ 0.95132696 -0.17629201 -0.12815504]\n",
      " [-0.17629201  0.36093661 -0.41717729]\n",
      " [-0.12815504 -0.41717729  0.66838543]]\n",
      "\n",
      "\n",
      "Mole fraction of atoms in the system = (0.05, 0.7000000000000001, 0.2499999999999999)\n",
      "            Smat = \n",
      "[[ 0.94598336 -0.18190399 -0.11936499]\n",
      " [-0.18190399  0.31557784 -0.40186955]\n",
      " [-0.11936499 -0.40186955  0.72720884]]\n",
      "            Smat = \n",
      "[[ 0.94598336 -0.18190399 -0.11936499]\n",
      " [-0.18190399  0.31557784 -0.40186955]\n",
      " [-0.11936499 -0.40186955  0.72720884]]\n",
      "Kai_NPT_lnx =  tensor(1.7461, dtype=torch.float64, grad_fn=<SelectBackward0>) tensor(1.2646, dtype=torch.float64, grad_fn=<SelectBackward0>)\n",
      "            Smat = \n",
      "[[ 0.94598336 -0.18190399 -0.11936499]\n",
      " [-0.18190399  0.31557784 -0.40186955]\n",
      " [-0.11936499 -0.40186955  0.72720884]]\n",
      "\n",
      "\n",
      "Mole fraction of atoms in the system = (0.05, 0.7500000000000001, 0.19999999999999984)\n",
      "            Smat = \n",
      "[[ 0.94831932 -0.18850638 -0.10776924]\n",
      " [-0.18850638  0.26706945 -0.37352663]\n",
      " [-0.10776924 -0.37352663  0.77668049]]\n",
      "            Smat = \n",
      "[[ 0.94831932 -0.18850638 -0.10776924]\n",
      " [-0.18850638  0.26706945 -0.37352663]\n",
      " [-0.10776924 -0.37352663  0.77668049]]\n",
      "Kai_NPT_lnx =  tensor(1.7935, dtype=torch.float64, grad_fn=<SelectBackward0>) tensor(1.2135, dtype=torch.float64, grad_fn=<SelectBackward0>)\n",
      "            Smat = \n",
      "[[ 0.94831932 -0.18850638 -0.10776924]\n",
      " [-0.18850638  0.26706945 -0.37352663]\n",
      " [-0.10776924 -0.37352663  0.77668049]]\n",
      "\n",
      "\n",
      "Mole fraction of atoms in the system = (0.05, 0.8, 0.1499999999999999)\n",
      "            Smat = \n",
      "[[ 0.95683871 -0.1967285  -0.10209473]\n",
      " [-0.1967285   0.2185485  -0.33150224]\n",
      " [-0.10209473 -0.33150224  0.82293155]]\n",
      "            Smat = \n",
      "[[ 0.95683871 -0.1967285  -0.10209473]\n",
      " [-0.1967285   0.2185485  -0.33150224]\n",
      " [-0.10209473 -0.33150224  0.82293155]]\n",
      "Kai_NPT_lnx =  tensor(1.8539, dtype=torch.float64, grad_fn=<SelectBackward0>) tensor(1.1576, dtype=torch.float64, grad_fn=<SelectBackward0>)\n",
      "            Smat = \n",
      "[[ 0.95683871 -0.1967285  -0.10209473]\n",
      " [-0.1967285   0.2185485  -0.33150224]\n",
      " [-0.10209473 -0.33150224  0.82293155]]\n",
      "\n",
      "\n",
      "Mole fraction of atoms in the system = (0.05, 0.8500000000000001, 0.09999999999999987)\n",
      "            Smat = \n",
      "[[ 0.95081723 -0.20291437 -0.08414333]\n",
      " [-0.20291437  0.17158009 -0.28591168]\n",
      " [-0.08414333 -0.28591168  0.89141637]]\n",
      "            Smat = \n",
      "[[ 0.95081723 -0.20291437 -0.08414333]\n",
      " [-0.20291437  0.17158009 -0.28591168]\n",
      " [-0.08414333 -0.28591168  0.89141637]]\n",
      "Kai_NPT_lnx =  tensor(1.8815, dtype=torch.float64, grad_fn=<SelectBackward0>) tensor(1.0917, dtype=torch.float64, grad_fn=<SelectBackward0>)\n",
      "            Smat = \n",
      "[[ 0.95081723 -0.20291437 -0.08414333]\n",
      " [-0.20291437  0.17158009 -0.28591168]\n",
      " [-0.08414333 -0.28591168  0.89141637]]\n",
      "\n",
      "\n",
      "Mole fraction of atoms in the system = (0.05, 0.9000000000000001, 0.04999999999999982)\n",
      "            Smat = \n",
      "[[ 0.94592375 -0.20902787 -0.05496187]\n",
      " [-0.20902787  0.1235844  -0.20779688]\n",
      " [-0.05496187 -0.20779688  0.9383314 ]]\n",
      "            Smat = \n",
      "[[ 0.94592375 -0.20902787 -0.05496187]\n",
      " [-0.20902787  0.1235844  -0.20779688]\n",
      " [-0.05496187 -0.20779688  0.9383314 ]]\n",
      "Kai_NPT_lnx =  tensor(1.9238, dtype=torch.float64, grad_fn=<SelectBackward0>) tensor(1.0575, dtype=torch.float64, grad_fn=<SelectBackward0>)\n",
      "            Smat = \n",
      "[[ 0.94592375 -0.20902787 -0.05496187]\n",
      " [-0.20902787  0.1235844  -0.20779688]\n",
      " [-0.05496187 -0.20779688  0.9383314 ]]\n",
      "\n",
      "\n"
     ]
    }
   ],
   "source": [
    "Kai_NPT_lnx_list = []\n",
    "Kai_NPT_lnx1_list = []\n",
    "std_Kai_NPT_lnx_list = []\n",
    "# order2_std_Kai_NPT_lnx_list = []\n",
    "s0_list = []\n",
    "\n",
    "for idx_T, T in enumerate(Tlist):\n",
    "    Kai_NPT_lnx_list.append([])\n",
    "    Kai_NPT_lnx1_list.append([])\n",
    "    std_Kai_NPT_lnx_list.append([])\n",
    "    s0_list.append([])\n",
    "\n",
    "    for idx_molfrac_, molfrac_ in enumerate(molfrac_list):\n",
    "        dirname = \"A%.2fB%.2f/\"%(molfrac_list[idx_molfrac_][0], molfrac_list[idx_molfrac_][1])\n",
    "        s011, cov_s011 = read_kernel(dirname, \"11\")\n",
    "        s012, cov_s012 = read_kernel(dirname, \"12\")\n",
    "        s022, cov_s022 = read_kernel(dirname, \"22\")\n",
    "        s013, cov_s013 = read_kernel(dirname, \"13\")\n",
    "        s023, cov_s023 = read_kernel(dirname, \"23\")\n",
    "        s033, cov_s033 = read_kernel(dirname, \"33\")\n",
    "\n",
    "\n",
    "\n",
    "\n",
    "        x = molfrac_\n",
    "        print(\"Mole fraction of atoms in the system =\",x)\n",
    "\n",
    "\n",
    "        Smat = np.array([[s011, s012, s013], [s012, s022, s023], [s013, s023, s033]])\n",
    "        s0_list[-1].append(Smat)\n",
    "        std_Smat = np.sqrt(np.array([cov_s011, cov_s012, cov_s013, cov_s012, cov_s022, cov_s023, cov_s013, cov_s023, cov_s033]))\n",
    "        # print(\"   std_Smat = \", std_Smat)\n",
    "        varmat_Smat = np.outer(std_Smat, std_Smat)\n",
    "        # print(\"varmat_Smat = \")\n",
    "        # print(varmat_Smat)\n",
    "\n",
    "        Smat_ = torch.from_numpy(Smat.reshape(-1)).to(dtype=torch.float64).requires_grad_()\n",
    "        x_ = torch.tensor(x).to(torch.float64).requires_grad_(False)\n",
    "        \n",
    "        Kai_NPT_lnx_0 = KBI_mu(x_, Smat_, 1)\n",
    "        Kai_NPT_lnx_1 = KBI_mu(x_, Smat_, 2)\n",
    "        print(\"Kai_NPT_lnx = \", Kai_NPT_lnx_0, Kai_NPT_lnx_1)\n",
    "        jac = jacobian(KBI_mu, (x_, Smat_.reshape(-1)))[1]\n",
    "        # print(\"Jac = \")\n",
    "        # print(jac)\n",
    "        varmat_Smat_ = torch.from_numpy(varmat_Smat)\n",
    "        varmat_KaiNPT_lnx = torch.matmul(torch.matmul(jac, varmat_Smat_), jac.T)\n",
    "        \n",
    "        # print(\"          var_KaiNPT_lnx = \", varmat_KaiNPT_lnx)\n",
    "        # print(\"2nd order var_KaiNPT_lnx = \", order2_varmat_KaiNPT_lnx)\n",
    "        std_KaiNPT_lnx = torch.sqrt(varmat_KaiNPT_lnx)\n",
    "        # print(\"          std_KaiNPT_lnx = \", std_KaiNPT_lnx)\n",
    "        Kai_NPT_lnx_list[-1].append(Kai_NPT_lnx_0.detach().numpy())\n",
    "        Kai_NPT_lnx1_list[-1].append(Kai_NPT_lnx_1.detach().numpy())\n",
    "        std_Kai_NPT_lnx_list[-1].append(std_KaiNPT_lnx.detach().numpy())\n",
    "        print(\"\\n\")\n",
    "        "
   ]
  },
  {
   "cell_type": "code",
   "execution_count": 22,
   "metadata": {},
   "outputs": [
    {
     "name": "stdout",
     "output_type": "stream",
     "text": [
      "(1, 18, 3, 3)\n"
     ]
    },
    {
     "data": {
      "text/plain": [
       "<matplotlib.legend.Legend at 0x1468f4ea6ce0>"
      ]
     },
     "execution_count": 22,
     "metadata": {},
     "output_type": "execute_result"
    },
    {
     "data": {
