{
 "cells": [
  {
   "cell_type": "code",
   "execution_count": 1,
   "metadata": {},
   "outputs": [
    {
     "name": "stderr",
     "output_type": "stream",
     "text": [
      "/tmp/ipykernel_688420/1561577914.py:8: MatplotlibDeprecationWarning: The get_cmap function was deprecated in Matplotlib 3.7 and will be removed two minor releases later. Use ``matplotlib.colormaps[name]`` or ``matplotlib.colormaps.get_cmap(obj)`` instead.\n",
      "  clist = [cm.get_cmap(\"gnuplot\")(float(i)/float(len(Tlist))) for i in range(len(Tlist))]\n"
     ]
    }
   ],
   "source": [
    "import os\n",
    "import numpy as np\n",
    "import math\n",
    "import matplotlib.pyplot as plt\n",
    "\n",
    "Tlist = [1.0]\n",
    "from matplotlib.pyplot import cm\n",
    "clist = [cm.get_cmap(\"gnuplot\")(float(i)/float(len(Tlist))) for i in range(len(Tlist))]\n",
    "font={'family':'serif',\n",
    "      # 'style':'italic',  # 斜体\n",
    "      'weight':'normal',\n",
    "      # 'color':'red',\n",
    "      'size': 18\n",
    "}"
   ]
  },
  {
   "cell_type": "code",
   "execution_count": 2,
   "metadata": {},
   "outputs": [],
   "source": [
    "def read_kernel_33(dirname):\n",
    "    filename = os.path.join(dirname, \"s0-Sk-33-real.dat\")\n",
    "    with open(filename,\"r\") as fp:\n",
    "        fp.readline()\n",
    "        s011,covs011 = tuple([float(x) for x in fp.readline().split()[1:]])\n",
    "    return s011, covs011\n",
    "\n",
    "def read_kernel(dirname, elempair):\n",
    "    filename = os.path.join(dirname, \"s0-Sk-\"+elempair+\"-real.dat\")\n",
    "    with open(filename,\"r\") as fp:\n",
    "        fp.readline()\n",
    "        s011,covs011 = tuple([float(x) for x in fp.readline().split()[1:]])\n",
    "    return s011, covs011\n",
    "\n",
    "def read_kernel_22(dirname):\n",
    "    filename = os.path.join(dirname, \"s0-Sk-22-real.dat\")\n",
    "    with open(filename,\"r\") as fp:\n",
    "        fp.readline()\n",
    "        s011,covs011 = tuple([float(x) for x in fp.readline().split()[1:]])\n",
    "    return s011, covs011"
   ]
  },
  {
   "cell_type": "code",
   "execution_count": 3,
   "metadata": {},
   "outputs": [],
   "source": [
    "def read_lammpstrj(filedesc):\n",
    "    # three comment lines\n",
    "    for i in range(3): comment = filedesc.readline()\n",
    "    # number of atoms\n",
    "    natoms = int(filedesc.readline())\n",
    "\n",
    "    # 1 comment line\n",
    "    comment = filedesc.readline()\n",
    "    # assume orthorombic cell\n",
    "    cell = np.zeros(3,float)\n",
    "    for i in range(3):\n",
    "        # [cellmin, cellmax] = filedesc.readline().split()\n",
    "        linec = filedesc.readline().split()\n",
    "        cellmin = linec[0]\n",
    "        cellmax = linec[1]\n",
    "        cell[i] = float(cellmax) - float(cellmin)\n",
    "\n",
    "    # 1 comment line\n",
    "    comment = filedesc.readline()\n",
    "    names = np.zeros(natoms,'U2')\n",
    "    q = np.zeros((natoms,3),float)\n",
    "    sq = np.zeros((natoms,3),float)\n",
    "\n",
    "    for i in range(natoms):\n",
    "        line = filedesc.readline().split();\n",
    "        names[i] = line[1] # atom type\n",
    "        q[i] = line[2:5] # wrapped atomic coordinates\n",
    "        sq[i,0] = float(q[i,0])/cell[0] # scaled atomic coordinates\n",
    "        sq[i,1] = float(q[i,1])/cell[1] # scaled atomic coordinates\n",
    "        sq[i,2] = float(q[i,2])/cell[2] # scaled atomic coordinates\n",
    "    return [cell, names, sq]"
   ]
  },
  {
   "cell_type": "code",
   "execution_count": 4,
   "metadata": {},
   "outputs": [],
   "source": [
    "import numpy as np\n",
    "import torch\n",
    "from torch.autograd.functional import jacobian\n",
    "from torch.autograd.functional import hessian"
   ]
  },
  {
   "cell_type": "code",
   "execution_count": 5,
   "metadata": {},
   "outputs": [],
   "source": [
    "def cofactor(B):\n",
    "    return (np.linalg.inv(B)).T * np.linalg.det(B)\n"
   ]
  },
  {
   "cell_type": "code",
   "execution_count": 6,
   "metadata": {},
   "outputs": [],
   "source": [
    "def fillDmat(x, Smat):\n",
    "    assert Smat.shape[0] == Smat.shape[1] and len(Smat.shape) == 2\n",
    "    rank = Smat.shape[0]  \n",
    "    Dmat = np.eye(rank)\n",
    "    for i in range(rank):\n",
    "        for j in range(rank):\n",
    "            if i != j:\n",
    "                Dmat[i][j] += np.sqrt(x[j]/x[i])*(Smat[i][j])\n",
    "            else:\n",
    "                Dmat[i][j] += np.sqrt(x[j]/x[i])*(Smat[i][j]-1)\n",
    "    return Dmat\n",
    "\n",
    "def fillDmat_(x, Smat):\n",
    "    assert Smat.shape[0] == Smat.shape[1] and len(Smat.shape) == 2\n",
    "    rank = Smat.shape[0]  \n",
    "    Dmat = torch.eye(rank).to(torch.float64)\n",
    "    for i in range(rank):\n",
    "        for j in range(rank):\n",
    "            if i != j:\n",
    "                Dmat[i][j] += torch.sqrt(x[j]/x[i])*(Smat[i][j])\n",
    "            else:\n",
    "                Dmat[i][j] += torch.sqrt(x[j]/x[i])*(Smat[i][j]-1)\n",
    "    return Dmat"
   ]
  },
  {
   "cell_type": "code",
   "execution_count": 7,
   "metadata": {},
   "outputs": [],
   "source": [
    "def fillapproxGmat(Smat):\n",
    "    assert Smat.shape[0] == Smat.shape[1] and len(Smat.shape) == 2\n",
    "    rank = Smat.shape[0]  \n",
    "    Gmat = Smat/0.04-np.eye(rank,rank)/0.04\n",
    "    return Gmat\n",
    "\n",
    "def fillapproxGmat_(Smat):\n",
    "    assert Smat.shape[0] == Smat.shape[1] and len(Smat.shape) == 2\n",
    "    rank = Smat.shape[0]  \n",
    "    Gmat = Smat/0.04-torch.eye(rank,rank).to(torch.float64)/0.04\n",
    "    return Gmat"
   ]
  },
  {
   "cell_type": "code",
   "execution_count": 25,
   "metadata": {},
   "outputs": [],
   "source": [
    "def KBI_mu(x_, Smat_, elem=0):\n",
    "    rank = x_.shape[0]\n",
    "    Smat_ = Smat_.reshape(rank, rank)\n",
    "    approx_Gmat = fillapproxGmat_(Smat_)\n",
    "    print(\"            Smat = \")\n",
    "    print(Smat_.detach().numpy())\n",
    "    # print(\"Approximate Gmat = \", approx_Gmat[0,0], approx_Gmat[1,1], approx_Gmat[0,1], approx_Gmat[1,0])\n",
    "    # Smat_ = torch.from_numpy(Smat).requires_grad_()\n",
    "    \n",
    "    # Gmat = fillGmat(c, Smat)\n",
    "    # Bmat = fillBmat(c, Gmat)\n",
    "    # Dmat = fillDmat(x,Smat)\n",
    "    Dmat_ = fillDmat_(x_,Smat_)\n",
    "    # tiDmat = np.linalg.inv(Dmat).T\n",
    "    tiDmat_ = torch.linalg.inv(Dmat_).T\n",
    "    # Kai_NPT = np.zeros([rank,rank])\n",
    "    Kai_NPT_ = torch.zeros([rank,rank], dtype=torch.float64)\n",
    "    # x_ = torch.from_numpy(x).requires_grad_()\n",
    "    for i in range(rank):\n",
    "        for j in range(rank):\n",
    "            s1 = 0.0\n",
    "            s2 = 0.0\n",
    "            s3 = 0.0\n",
    "            for k in range(rank):\n",
    "                s1 += tiDmat_[k][i]\n",
    "                s2 += tiDmat_[k][j]\n",
    "                for h in range(rank):\n",
    "                    s3 += x_[h]*tiDmat_[k][h]\n",
    "            Kai_NPT_[i][j] = tiDmat_[i][j]/x_[i] - s1*s2/s3\n",
    "    print(\"Kai_NPT_N*V     = \",Kai_NPT_)\n",
    "    Kai_NPT_lnx_ = torch.zeros(rank).to(torch.float64)\n",
    "    for i in range(rank):\n",
    "        for j in range(rank):\n",
    "            if i==j: \n",
    "                Kai_NPT_lnx_[i] += Kai_NPT_[i][i]*x_[i]\n",
    "            else:\n",
    "                Kai_NPT_lnx_[i] -= Kai_NPT_[i][j]*x_[i]\n",
    "    # print(\"Kai_NPT_lnx = \", Kai_NPT_lnx_)\n",
    "    \n",
    "    # Kai_NPT_00_a = 1./(x_[1]*Smat_[0][0]+x_[0]*Smat_[1][1]-2*torch.sqrt(x_[0]*x_[1])*Smat_[0][1])  \n",
    "    # print(\"!!!!!! checking:: \", (x_[1]*Smat_[0][0]+x_[0]*Smat_[1][1]-2*torch.sqrt(x_[0]*x_[1])*Smat_[0][1]), Kai_NPT_00_a) \n",
    "    # assert math.isclose(Kai_NPT_lnx_[0].detach().numpy(), Kai_NPT_00_a.detach().numpy(), abs_tol =  1e-4)\n",
    "    return Kai_NPT_lnx_[elem]"
   ]
  },
  {
   "cell_type": "code",
   "execution_count": 9,
   "metadata": {},
   "outputs": [
    {
     "name": "stdout",
     "output_type": "stream",
     "text": [
      "[[0.1, 0.05, 0.85], [0.1, 0.1, 0.8], [0.1, 0.15000000000000002, 0.75], [0.1, 0.2, 0.7], [0.1, 0.25, 0.65], [0.1, 0.3, 0.6000000000000001], [0.1, 0.35000000000000003, 0.55], [0.1, 0.4, 0.5], [0.1, 0.45, 0.45], [0.1, 0.5, 0.4], [0.1, 0.55, 0.35], [0.1, 0.6000000000000001, 0.29999999999999993], [0.1, 0.6500000000000001, 0.2499999999999999], [0.1, 0.7000000000000001, 0.19999999999999996], [0.1, 0.7500000000000001, 0.1499999999999999], [0.1, 0.8, 0.09999999999999998], [0.1, 0.8500000000000001, 0.04999999999999993]]\n"
     ]
    }
   ],
   "source": [
    "frac_1 = 0.10\n",
    "frac_2 = np.arange(0.05, 0.90, 0.05)\n",
    "frac_3 = 1-frac_1-frac_2\n",
    "molfrac_list=[[frac_1, frac_2[i], frac_3[i]] for i in range(len(frac_2))]\n",
    "print(molfrac_list)\n"
   ]
  },
  {
   "cell_type": "code",
   "execution_count": 26,
   "metadata": {},
   "outputs": [
    {
     "name": "stdout",
     "output_type": "stream",
     "text": [
      "Mole fraction of atoms in the system = [0.1  0.05 0.85]\n",
      "            Smat = \n",
      "[[ 0.91210716 -0.07134526 -0.28642719]\n",
      " [-0.07134526  0.94385588 -0.19208611]\n",
      " [-0.28642719 -0.19208611  0.1625302 ]]\n",
      "Kai_NPT_N*V     =  tensor([[ 8.9129, -0.9337, -0.9936],\n",
      "        [-0.9337, 19.2075, -1.0200],\n",
      "        [-0.9936, -1.0200,  0.1769]], dtype=torch.float64,\n",
      "       grad_fn=<CopySlices>)\n",
      "            Smat = \n",
      "[[ 0.91210716 -0.07134526 -0.28642719]\n",
      " [-0.07134526  0.94385588 -0.19208611]\n",
      " [-0.28642719 -0.19208611  0.1625302 ]]\n",
      "Kai_NPT_N*V     =  tensor([[ 8.9129, -0.9337, -0.9936],\n",
      "        [-0.9337, 19.2075, -1.0200],\n",
      "        [-0.9936, -1.0200,  0.1769]], dtype=torch.float64,\n",
      "       grad_fn=<CopySlices>)\n",
      "Kai_NPT_lnx =  tensor(1.0581, dtype=torch.float64, grad_fn=<SelectBackward0>) tensor(1.8620, dtype=torch.float64, grad_fn=<SelectBackward0>)\n",
      "            Smat = \n",
      "[[ 0.91210716 -0.07134526 -0.28642719]\n",
      " [-0.07134526  0.94385588 -0.19208611]\n",
      " [-0.28642719 -0.19208611  0.1625302 ]]\n",
      "Kai_NPT_N*V     =  tensor([[ 8.9129, -0.9337, -0.9936],\n",
      "        [-0.9337, 19.2075, -1.0200],\n",
      "        [-0.9936, -1.0200,  0.1769]], dtype=torch.float64,\n",
      "       grad_fn=<CopySlices>)\n",
      "\n",
      "\n",
      "Mole fraction of atoms in the system = [0.1 0.1 0.8]\n",
      "            Smat = \n",
      "[[ 0.90811174 -0.10198385 -0.27648239]\n",
      " [-0.10198385  0.89300633 -0.2609265 ]\n",
      " [-0.27648239 -0.2609265   0.20537218]]\n",
      "Kai_NPT_N*V     =  tensor([[ 8.9480, -0.9222, -1.0032],\n",
      "        [-0.9222,  9.1597, -1.0297],\n",
      "        [-1.0032, -1.0297,  0.2541]], dtype=torch.float64,\n",
      "       grad_fn=<CopySlices>)\n",
      "            Smat = \n",
      "[[ 0.90811174 -0.10198385 -0.27648239]\n",
      " [-0.10198385  0.89300633 -0.2609265 ]\n",
      " [-0.27648239 -0.2609265   0.20537218]]\n",
      "Kai_NPT_N*V     =  tensor([[ 8.9480, -0.9222, -1.0032],\n",
      "        [-0.9222,  9.1597, -1.0297],\n",
      "        [-1.0032, -1.0297,  0.2541]], dtype=torch.float64,\n",
      "       grad_fn=<CopySlices>)\n",
      "Kai_NPT_lnx =  tensor(1.1112, dtype=torch.float64, grad_fn=<SelectBackward0>) tensor(1.8296, dtype=torch.float64, grad_fn=<SelectBackward0>)\n",
      "            Smat = \n",
      "[[ 0.90811174 -0.10198385 -0.27648239]\n",
      " [-0.10198385  0.89300633 -0.2609265 ]\n",
      " [-0.27648239 -0.2609265   0.20537218]]\n",
      "Kai_NPT_N*V     =  tensor([[ 8.9480, -0.9222, -1.0032],\n",
      "        [-0.9222,  9.1597, -1.0297],\n",
      "        [-1.0032, -1.0297,  0.2541]], dtype=torch.float64,\n",
      "       grad_fn=<CopySlices>)\n",
      "\n",
      "\n",
      "Mole fraction of atoms in the system = [0.1  0.15 0.75]\n",
      "            Smat = \n",
      "[[ 0.90779496 -0.12348774 -0.26977387]\n",
      " [-0.12348774  0.83998603 -0.30991156]\n",
      " [-0.26977387 -0.30991156  0.25112587]]\n",
      "Kai_NPT_N*V     =  tensor([[ 8.9391, -0.9461, -1.0027],\n",
      "        [-0.9461,  5.8108, -1.0360],\n",
      "        [-1.0027, -1.0360,  0.3409]], dtype=torch.float64,\n",
      "       grad_fn=<CopySlices>)\n",
      "            Smat = \n",
      "[[ 0.90779496 -0.12348774 -0.26977387]\n",
      " [-0.12348774  0.83998603 -0.30991156]\n",
      " [-0.26977387 -0.30991156  0.25112587]]\n",
      "Kai_NPT_N*V     =  tensor([[ 8.9391, -0.9461, -1.0027],\n",
      "        [-0.9461,  5.8108, -1.0360],\n",
      "        [-1.0027, -1.0360,  0.3409]], dtype=torch.float64,\n",
      "       grad_fn=<CopySlices>)\n",
      "Kai_NPT_lnx =  tensor(1.1689, dtype=torch.float64, grad_fn=<SelectBackward0>) tensor(1.7847, dtype=torch.float64, grad_fn=<SelectBackward0>)\n",
      "            Smat = \n",
      "[[ 0.90779496 -0.12348774 -0.26977387]\n",
      " [-0.12348774  0.83998603 -0.30991156]\n",
      " [-0.26977387 -0.30991156  0.25112587]]\n",
      "Kai_NPT_N*V     =  tensor([[ 8.9391, -0.9461, -1.0027],\n",
      "        [-0.9461,  5.8108, -1.0360],\n",
      "        [-1.0027, -1.0360,  0.3409]], dtype=torch.float64,\n",
      "       grad_fn=<CopySlices>)\n",
      "\n",
      "\n",
      "Mole fraction of atoms in the system = [0.1 0.2 0.7]\n",
      "            Smat = \n",
      "[[ 0.89978118 -0.14059756 -0.25739673]\n",
      " [-0.14059756  0.79884196 -0.3493965 ]\n",
      " [-0.25739673 -0.3493965   0.2960026 ]]\n",
      "Kai_NPT_N*V     =  tensor([[ 9.0231, -0.9586, -1.0151],\n",
      "        [-0.9586,  4.0798, -1.0287],\n",
      "        [-1.0151, -1.0287,  0.4389]], dtype=torch.float64,\n",
      "       grad_fn=<CopySlices>)\n",
      "            Smat = \n",
      "[[ 0.89978118 -0.14059756 -0.25739673]\n",
      " [-0.14059756  0.79884196 -0.3493965 ]\n",
      " [-0.25739673 -0.3493965   0.2960026 ]]\n",
      "Kai_NPT_N*V     =  tensor([[ 9.0231, -0.9586, -1.0151],\n",
      "        [-0.9586,  4.0798, -1.0287],\n",
      "        [-1.0151, -1.0287,  0.4389]], dtype=torch.float64,\n",
      "       grad_fn=<CopySlices>)\n",
      "Kai_NPT_lnx =  tensor(1.2134, dtype=torch.float64, grad_fn=<SelectBackward0>) tensor(1.7379, dtype=torch.float64, grad_fn=<SelectBackward0>)\n",
      "            Smat = \n",
      "[[ 0.89978118 -0.14059756 -0.25739673]\n",
      " [-0.14059756  0.79884196 -0.3493965 ]\n",
      " [-0.25739673 -0.3493965   0.2960026 ]]\n",
      "Kai_NPT_N*V     =  tensor([[ 9.0231, -0.9586, -1.0151],\n",
      "        [-0.9586,  4.0798, -1.0287],\n",
      "        [-1.0151, -1.0287,  0.4389]], dtype=torch.float64,\n",
      "       grad_fn=<CopySlices>)\n",
      "\n",
      "\n",
      "Mole fraction of atoms in the system = [0.1  0.25 0.65]\n",
      "            Smat = \n",
      "[[ 0.90533216 -0.15274692 -0.25253435]\n",
      " [-0.15274692  0.73899885 -0.37138151]\n",
      " [-0.25253435 -0.37138151  0.33947213]]\n",
      "Kai_NPT_N*V     =  tensor([[ 8.9673, -0.9896, -0.9990],\n",
      "        [-0.9896,  3.1163, -1.0463],\n",
      "        [-0.9990, -1.0463,  0.5561]], dtype=torch.float64,\n",
      "       grad_fn=<CopySlices>)\n",
      "            Smat = \n",
      "[[ 0.90533216 -0.15274692 -0.25253435]\n",
      " [-0.15274692  0.73899885 -0.37138151]\n",
      " [-0.25253435 -0.37138151  0.33947213]]\n",
      "Kai_NPT_N*V     =  tensor([[ 8.9673, -0.9896, -0.9990],\n",
      "        [-0.9896,  3.1163, -1.0463],\n",
      "        [-0.9990, -1.0463,  0.5561]], dtype=torch.float64,\n",
      "       grad_fn=<CopySlices>)\n",
      "Kai_NPT_lnx =  tensor(1.2881, dtype=torch.float64, grad_fn=<SelectBackward0>) tensor(1.6909, dtype=torch.float64, grad_fn=<SelectBackward0>)\n",
      "            Smat = \n",
      "[[ 0.90533216 -0.15274692 -0.25253435]\n",
      " [-0.15274692  0.73899885 -0.37138151]\n",
      " [-0.25253435 -0.37138151  0.33947213]]\n",
      "Kai_NPT_N*V     =  tensor([[ 8.9673, -0.9896, -0.9990],\n",
      "        [-0.9896,  3.1163, -1.0463],\n",
      "        [-0.9990, -1.0463,  0.5561]], dtype=torch.float64,\n",
      "       grad_fn=<CopySlices>)\n",
      "\n",
      "\n",
      "Mole fraction of atoms in the system = [0.1 0.3 0.6]\n",
      "            Smat = \n",
      "[[ 0.9070241  -0.17330052 -0.24191004]\n",
      " [-0.17330052  0.69525473 -0.39150106]\n",
      " [-0.24191004 -0.39150106  0.38416356]]\n",
      "Kai_NPT_N*V     =  tensor([[ 8.9402, -0.9617, -1.0092],\n",
      "        [-0.9617,  2.4167, -1.0480],\n",
      "        [-1.0092, -1.0480,  0.6922]], dtype=torch.float64,\n",
      "       grad_fn=<CopySlices>)\n",
      "            Smat = \n",
      "[[ 0.9070241  -0.17330052 -0.24191004]\n",
      " [-0.17330052  0.69525473 -0.39150106]\n",
      " [-0.24191004 -0.39150106  0.38416356]]\n",
      "Kai_NPT_N*V     =  tensor([[ 8.9402, -0.9617, -1.0092],\n",
      "        [-0.9617,  2.4167, -1.0480],\n",
      "        [-1.0092, -1.0480,  0.6922]], dtype=torch.float64,\n",
      "       grad_fn=<CopySlices>)\n",
      "Kai_NPT_lnx =  tensor(1.3279, dtype=torch.float64, grad_fn=<SelectBackward0>) tensor(1.6497, dtype=torch.float64, grad_fn=<SelectBackward0>)\n",
      "            Smat = \n",
      "[[ 0.9070241  -0.17330052 -0.24191004]\n",
      " [-0.17330052  0.69525473 -0.39150106]\n",
      " [-0.24191004 -0.39150106  0.38416356]]\n",
      "Kai_NPT_N*V     =  tensor([[ 8.9402, -0.9617, -1.0092],\n",
      "        [-0.9617,  2.4167, -1.0480],\n",
      "        [-1.0092, -1.0480,  0.6922]], dtype=torch.float64,\n",
      "       grad_fn=<CopySlices>)\n",
      "\n",
      "\n",
      "Mole fraction of atoms in the system = [0.1  0.35 0.55]\n",
      "            Smat = \n",
      "[[ 0.90238118 -0.18117747 -0.23365627]\n",
      " [-0.18117747  0.64442144 -0.40526813]\n",
      " [-0.23365627 -0.40526813  0.43117496]]\n",
      "Kai_NPT_N*V     =  tensor([[ 8.9872, -0.9964, -1.0000],\n",
      "        [-0.9964,  1.9357, -1.0506],\n",
      "        [-1.0000, -1.0506,  0.8504]], dtype=torch.float64,\n",
      "       grad_fn=<CopySlices>)\n",
      "            Smat = \n",
      "[[ 0.90238118 -0.18117747 -0.23365627]\n",
      " [-0.18117747  0.64442144 -0.40526813]\n",
      " [-0.23365627 -0.40526813  0.43117496]]\n",
      "Kai_NPT_N*V     =  tensor([[ 8.9872, -0.9964, -1.0000],\n",
      "        [-0.9964,  1.9357, -1.0506],\n",
      "        [-1.0000, -1.0506,  0.8504]], dtype=torch.float64,\n",
      "       grad_fn=<CopySlices>)\n",
      "Kai_NPT_lnx =  tensor(1.3939, dtype=torch.float64, grad_fn=<SelectBackward0>) tensor(1.5955, dtype=torch.float64, grad_fn=<SelectBackward0>)\n",
      "            Smat = \n",
      "[[ 0.90238118 -0.18117747 -0.23365627]\n",
      " [-0.18117747  0.64442144 -0.40526813]\n",
      " [-0.23365627 -0.40526813  0.43117496]]\n",
      "Kai_NPT_N*V     =  tensor([[ 8.9872, -0.9964, -1.0000],\n",
      "        [-0.9964,  1.9357, -1.0506],\n",
      "        [-1.0000, -1.0506,  0.8504]], dtype=torch.float64,\n",
      "       grad_fn=<CopySlices>)\n",
      "\n",
      "\n",
      "Mole fraction of atoms in the system = [0.1 0.4 0.5]\n",
      "            Smat = \n",
      "[[ 0.90977451 -0.19917801 -0.22377235]\n",
      " [-0.19917801  0.59626708 -0.4132558 ]\n",
      " [-0.22377235 -0.4132558   0.47699818]]\n",
      "Kai_NPT_N*V     =  tensor([[ 8.9068, -0.9767, -1.0000],\n",
      "        [-0.9767,  1.5630, -1.0551],\n",
      "        [-1.0000, -1.0551,  1.0441]], dtype=torch.float64,\n",
      "       grad_fn=<CopySlices>)\n",
      "            Smat = \n",
      "[[ 0.90977451 -0.19917801 -0.22377235]\n",
      " [-0.19917801  0.59626708 -0.4132558 ]\n",
      " [-0.22377235 -0.4132558   0.47699818]]\n",
      "Kai_NPT_N*V     =  tensor([[ 8.9068, -0.9767, -1.0000],\n",
      "        [-0.9767,  1.5630, -1.0551],\n",
      "        [-1.0000, -1.0551,  1.0441]], dtype=torch.float64,\n",
      "       grad_fn=<CopySlices>)\n",
      "Kai_NPT_lnx =  tensor(1.4379, dtype=torch.float64, grad_fn=<SelectBackward0>) tensor(1.5496, dtype=torch.float64, grad_fn=<SelectBackward0>)\n",
      "            Smat = \n",
      "[[ 0.90977451 -0.19917801 -0.22377235]\n",
      " [-0.19917801  0.59626708 -0.4132558 ]\n",
      " [-0.22377235 -0.4132558   0.47699818]]\n",
      "Kai_NPT_N*V     =  tensor([[ 8.9068, -0.9767, -1.0000],\n",
      "        [-0.9767,  1.5630, -1.0551],\n",
      "        [-1.0000, -1.0551,  1.0441]], dtype=torch.float64,\n",
      "       grad_fn=<CopySlices>)\n",
      "\n",
      "\n",
      "Mole fraction of atoms in the system = [0.1  0.45 0.45]\n",
      "            Smat = \n",
      "[[ 0.90677331 -0.20608413 -0.21658383]\n",
      " [-0.20608413  0.55119448 -0.42026658]\n",
      " [-0.21658383 -0.42026658  0.52772173]]\n",
      "Kai_NPT_N*V     =  tensor([[ 8.9345, -1.0036, -0.9818],\n",
      "        [-1.0036,  1.2705, -1.0474],\n",
      "        [-0.9818, -1.0474,  1.2656]], dtype=torch.float64,\n",
      "       grad_fn=<CopySlices>)\n",
      "            Smat = \n",
      "[[ 0.90677331 -0.20608413 -0.21658383]\n",
      " [-0.20608413  0.55119448 -0.42026658]\n",
      " [-0.21658383 -0.42026658  0.52772173]]\n",
      "Kai_NPT_N*V     =  tensor([[ 8.9345, -1.0036, -0.9818],\n",
      "        [-1.0036,  1.2705, -1.0474],\n",
      "        [-0.9818, -1.0474,  1.2656]], dtype=torch.float64,\n",
      "       grad_fn=<CopySlices>)\n",
      "Kai_NPT_lnx =  tensor(1.4947, dtype=torch.float64, grad_fn=<SelectBackward0>) tensor(1.4827, dtype=torch.float64, grad_fn=<SelectBackward0>)\n",
      "            Smat = \n",
      "[[ 0.90677331 -0.20608413 -0.21658383]\n",
      " [-0.20608413  0.55119448 -0.42026658]\n",
      " [-0.21658383 -0.42026658  0.52772173]]\n",
      "Kai_NPT_N*V     =  tensor([[ 8.9345, -1.0036, -0.9818],\n",
      "        [-1.0036,  1.2705, -1.0474],\n",
      "        [-0.9818, -1.0474,  1.2656]], dtype=torch.float64,\n",
      "       grad_fn=<CopySlices>)\n",
      "\n",
      "\n",
      "Mole fraction of atoms in the system = [0.1 0.5 0.4]\n",
      "            Smat = \n",
      "[[ 0.90570404 -0.22262979 -0.20096554]\n",
      " [-0.22262979  0.50457185 -0.41756622]\n",
      " [-0.20096554 -0.41756622  0.57305933]]\n",
      "Kai_NPT_N*V     =  tensor([[ 8.9367, -0.9853, -1.0025],\n",
      "        [-0.9853,  1.0369, -1.0498],\n",
      "        [-1.0025, -1.0498,  1.5628]], dtype=torch.float64,\n",
      "       grad_fn=<CopySlices>)\n",
      "            Smat = \n",
      "[[ 0.90570404 -0.22262979 -0.20096554]\n",
      " [-0.22262979  0.50457185 -0.41756622]\n",
      " [-0.20096554 -0.41756622  0.57305933]]\n",
      "Kai_NPT_N*V     =  tensor([[ 8.9367, -0.9853, -1.0025],\n",
      "        [-0.9853,  1.0369, -1.0498],\n",
      "        [-1.0025, -1.0498,  1.5628]], dtype=torch.float64,\n",
      "       grad_fn=<CopySlices>)\n",
      "Kai_NPT_lnx =  tensor(1.5360, dtype=torch.float64, grad_fn=<SelectBackward0>) tensor(1.4461, dtype=torch.float64, grad_fn=<SelectBackward0>)\n",
      "            Smat = \n",
      "[[ 0.90570404 -0.22262979 -0.20096554]\n",
      " [-0.22262979  0.50457185 -0.41756622]\n",
      " [-0.20096554 -0.41756622  0.57305933]]\n",
      "Kai_NPT_N*V     =  tensor([[ 8.9367, -0.9853, -1.0025],\n",
      "        [-0.9853,  1.0369, -1.0498],\n",
      "        [-1.0025, -1.0498,  1.5628]], dtype=torch.float64,\n",
      "       grad_fn=<CopySlices>)\n",
      "\n",
      "\n",
      "Mole fraction of atoms in the system = [0.1  0.55 0.35]\n",
      "            Smat = \n",
      "[[ 0.90267703 -0.23156578 -0.18770969]\n",
      " [-0.23156578  0.45433742 -0.40770052]\n",
      " [-0.18770969 -0.40770052  0.61623964]]\n",
      "Kai_NPT_N*V     =  tensor([[ 8.9710, -0.9929, -1.0029],\n",
      "        [-0.9929,  0.8536, -1.0576],\n",
      "        [-1.0029, -1.0576,  1.9485]], dtype=torch.float64,\n",
      "       grad_fn=<CopySlices>)\n",
      "            Smat = \n",
      "[[ 0.90267703 -0.23156578 -0.18770969]\n",
      " [-0.23156578  0.45433742 -0.40770052]\n",
      " [-0.18770969 -0.40770052  0.61623964]]\n",
      "Kai_NPT_N*V     =  tensor([[ 8.9710, -0.9929, -1.0029],\n",
      "        [-0.9929,  0.8536, -1.0576],\n",
      "        [-1.0029, -1.0576,  1.9485]], dtype=torch.float64,\n",
      "       grad_fn=<CopySlices>)\n",
      "Kai_NPT_lnx =  tensor(1.5972, dtype=torch.float64, grad_fn=<SelectBackward0>) tensor(1.4032, dtype=torch.float64, grad_fn=<SelectBackward0>)\n",
      "            Smat = \n",
      "[[ 0.90267703 -0.23156578 -0.18770969]\n",
      " [-0.23156578  0.45433742 -0.40770052]\n",
      " [-0.18770969 -0.40770052  0.61623964]]\n",
      "Kai_NPT_N*V     =  tensor([[ 8.9710, -0.9929, -1.0029],\n",
      "        [-0.9929,  0.8536, -1.0576],\n",
      "        [-1.0029, -1.0576,  1.9485]], dtype=torch.float64,\n",
      "       grad_fn=<CopySlices>)\n",
      "\n",
      "\n",
      "Mole fraction of atoms in the system = [0.1 0.6 0.3]\n",
      "            Smat = \n",
      "[[ 0.90496053 -0.24281098 -0.1758799 ]\n",
      " [-0.24281098  0.41077696 -0.39915556]\n",
      " [-0.1758799  -0.39915556  0.67008627]]\n",
      "Kai_NPT_N*V     =  tensor([[ 8.9425, -0.9932, -0.9944],\n",
      "        [-0.9932,  0.6890, -1.0470],\n",
      "        [-0.9944, -1.0470,  2.4255]], dtype=torch.float64,\n",
      "       grad_fn=<CopySlices>)\n",
      "            Smat = \n",
      "[[ 0.90496053 -0.24281098 -0.1758799 ]\n",
      " [-0.24281098  0.41077696 -0.39915556]\n",
      " [-0.1758799  -0.39915556  0.67008627]]\n",
      "Kai_NPT_N*V     =  tensor([[ 8.9425, -0.9932, -0.9944],\n",
      "        [-0.9932,  0.6890, -1.0470],\n",
      "        [-0.9944, -1.0470,  2.4255]], dtype=torch.float64,\n",
      "       grad_fn=<CopySlices>)\n",
      "Kai_NPT_lnx =  tensor(1.6375, dtype=torch.float64, grad_fn=<SelectBackward0>) tensor(1.3401, dtype=torch.float64, grad_fn=<SelectBackward0>)\n",
      "            Smat = \n",
      "[[ 0.90496053 -0.24281098 -0.1758799 ]\n",
      " [-0.24281098  0.41077696 -0.39915556]\n",
      " [-0.1758799  -0.39915556  0.67008627]]\n",
      "Kai_NPT_N*V     =  tensor([[ 8.9425, -0.9932, -0.9944],\n",
      "        [-0.9932,  0.6890, -1.0470],\n",
      "        [-0.9944, -1.0470,  2.4255]], dtype=torch.float64,\n",
      "       grad_fn=<CopySlices>)\n",
      "\n",
      "\n",
      "Mole fraction of atoms in the system = [0.1  0.65 0.25]\n",
      "            Smat = \n",
      "[[ 0.90909599 -0.24647869 -0.17527796]\n",
      " [-0.24647869  0.36212773 -0.3831143 ]\n",
      " [-0.17527796 -0.3831143   0.72896012]]\n",
      "Kai_NPT_N*V     =  tensor([[ 8.9011, -1.0214, -0.9049],\n",
      "        [-1.0214,  0.5576, -1.0413],\n",
      "        [-0.9049, -1.0413,  3.0694]], dtype=torch.float64,\n",
      "       grad_fn=<CopySlices>)\n",
      "            Smat = \n",
      "[[ 0.90909599 -0.24647869 -0.17527796]\n",
      " [-0.24647869  0.36212773 -0.3831143 ]\n",
      " [-0.17527796 -0.3831143   0.72896012]]\n",
      "Kai_NPT_N*V     =  tensor([[ 8.9011, -1.0214, -0.9049],\n",
      "        [-1.0214,  0.5576, -1.0413],\n",
      "        [-0.9049, -1.0413,  3.0694]], dtype=torch.float64,\n",
      "       grad_fn=<CopySlices>)\n",
      "Kai_NPT_lnx =  tensor(1.7032, dtype=torch.float64, grad_fn=<SelectBackward0>) tensor(1.2539, dtype=torch.float64, grad_fn=<SelectBackward0>)\n",
      "            Smat = \n",
      "[[ 0.90909599 -0.24647869 -0.17527796]\n",
      " [-0.24647869  0.36212773 -0.3831143 ]\n",
      " [-0.17527796 -0.3831143   0.72896012]]\n",
      "Kai_NPT_N*V     =  tensor([[ 8.9011, -1.0214, -0.9049],\n",
      "        [-1.0214,  0.5576, -1.0413],\n",
      "        [-0.9049, -1.0413,  3.0694]], dtype=torch.float64,\n",
      "       grad_fn=<CopySlices>)\n",
      "\n",
      "\n",
      "Mole fraction of atoms in the system = [0.1 0.7 0.2]\n",
      "            Smat = \n",
      "[[ 0.90123652 -0.26375463 -0.14484864]\n",
      " [-0.26375463  0.31747115 -0.35927079]\n",
      " [-0.14484864 -0.35927079  0.77736621]]\n",
      "Kai_NPT_N*V     =  tensor([[ 8.9664, -0.9973, -0.9928],\n",
      "        [-0.9973,  0.4369, -1.0305],\n",
      "        [-0.9928, -1.0305,  4.1031]], dtype=torch.float64,\n",
      "       grad_fn=<CopySlices>)\n",
      "            Smat = \n",
      "[[ 0.90123652 -0.26375463 -0.14484864]\n",
      " [-0.26375463  0.31747115 -0.35927079]\n",
      " [-0.14484864 -0.35927079  0.77736621]]\n",
      "Kai_NPT_N*V     =  tensor([[ 8.9664, -0.9973, -0.9928],\n",
      "        [-0.9973,  0.4369, -1.0305],\n",
      "        [-0.9928, -1.0305,  4.1031]], dtype=torch.float64,\n",
      "       grad_fn=<CopySlices>)\n",
      "Kai_NPT_lnx =  tensor(1.7252, dtype=torch.float64, grad_fn=<SelectBackward0>) tensor(1.2253, dtype=torch.float64, grad_fn=<SelectBackward0>)\n",
      "            Smat = \n",
      "[[ 0.90123652 -0.26375463 -0.14484864]\n",
      " [-0.26375463  0.31747115 -0.35927079]\n",
      " [-0.14484864 -0.35927079  0.77736621]]\n",
      "Kai_NPT_N*V     =  tensor([[ 8.9664, -0.9973, -0.9928],\n",
      "        [-0.9973,  0.4369, -1.0305],\n",
      "        [-0.9928, -1.0305,  4.1031]], dtype=torch.float64,\n",
      "       grad_fn=<CopySlices>)\n",
      "\n",
      "\n",
      "Mole fraction of atoms in the system = [0.1  0.75 0.15]\n",
      "            Smat = \n",
      "[[ 0.90034172 -0.26855001 -0.13234038]\n",
      " [-0.26855001  0.26836475 -0.32268607]\n",
      " [-0.13234038 -0.32268607  0.82652422]]\n",
      "Kai_NPT_N*V     =  tensor([[ 8.9836, -1.0103, -0.9376],\n",
      "        [-1.0103,  0.3418, -1.0353],\n",
      "        [-0.9376, -1.0353,  5.8016]], dtype=torch.float64,\n",
      "       grad_fn=<CopySlices>)\n",
      "            Smat = \n",
      "[[ 0.90034172 -0.26855001 -0.13234038]\n",
      " [-0.26855001  0.26836475 -0.32268607]\n",
      " [-0.13234038 -0.32268607  0.82652422]]\n",
      "Kai_NPT_N*V     =  tensor([[ 8.9836, -1.0103, -0.9376],\n",
      "        [-1.0103,  0.3418, -1.0353],\n",
      "        [-0.9376, -1.0353,  5.8016]], dtype=torch.float64,\n",
      "       grad_fn=<CopySlices>)\n",
      "Kai_NPT_lnx =  tensor(1.7905, dtype=torch.float64, grad_fn=<SelectBackward0>) tensor(1.1662, dtype=torch.float64, grad_fn=<SelectBackward0>)\n",
      "            Smat = \n",
      "[[ 0.90034172 -0.26855001 -0.13234038]\n",
      " [-0.26855001  0.26836475 -0.32268607]\n",
      " [-0.13234038 -0.32268607  0.82652422]]\n",
      "Kai_NPT_N*V     =  tensor([[ 8.9836, -1.0103, -0.9376],\n",
      "        [-1.0103,  0.3418, -1.0353],\n",
      "        [-0.9376, -1.0353,  5.8016]], dtype=torch.float64,\n",
      "       grad_fn=<CopySlices>)\n",
      "\n",
      "\n",
      "Mole fraction of atoms in the system = [0.1 0.8 0.1]\n",
      "            Smat = \n",
      "[[ 0.9002144  -0.27912689 -0.10846643]\n",
      " [-0.27912689  0.2197396  -0.27444405]\n",
      " [-0.10846643 -0.27444405  0.88447919]]\n",
      "Kai_NPT_N*V     =  tensor([[ 8.9835, -1.0065, -0.9318],\n",
      "        [-1.0065,  0.2540, -1.0258],\n",
      "        [-0.9318, -1.0258,  9.1382]], dtype=torch.float64,\n",
      "       grad_fn=<CopySlices>)\n",
      "            Smat = \n",
      "[[ 0.9002144  -0.27912689 -0.10846643]\n",
      " [-0.27912689  0.2197396  -0.27444405]\n",
      " [-0.10846643 -0.27444405  0.88447919]]\n",
      "Kai_NPT_N*V     =  tensor([[ 8.9835, -1.0065, -0.9318],\n",
      "        [-1.0065,  0.2540, -1.0258],\n",
      "        [-0.9318, -1.0258,  9.1382]], dtype=torch.float64,\n",
      "       grad_fn=<CopySlices>)\n",
      "Kai_NPT_lnx =  tensor(1.8290, dtype=torch.float64, grad_fn=<SelectBackward0>) tensor(1.1096, dtype=torch.float64, grad_fn=<SelectBackward0>)\n",
      "            Smat = \n",
      "[[ 0.9002144  -0.27912689 -0.10846643]\n",
      " [-0.27912689  0.2197396  -0.27444405]\n",
      " [-0.10846643 -0.27444405  0.88447919]]\n",
      "Kai_NPT_N*V     =  tensor([[ 8.9835, -1.0065, -0.9318],\n",
      "        [-1.0065,  0.2540, -1.0258],\n",
      "        [-0.9318, -1.0258,  9.1382]], dtype=torch.float64,\n",
      "       grad_fn=<CopySlices>)\n",
      "\n",
      "\n",
      "Mole fraction of atoms in the system = [0.1  0.85 0.05]\n",
      "            Smat = \n",
      "[[ 0.90303201 -0.29019402 -0.07739597]\n",
      " [-0.29019402  0.17214191 -0.20057272]\n",
      " [-0.07739597 -0.20057272  0.9361793 ]]\n",
      "Kai_NPT_N*V     =  tensor([[ 8.9541, -0.9991, -0.9234],\n",
      "        [-0.9991,  0.1778, -1.0243],\n",
      "        [-0.9234, -1.0243, 19.2597]], dtype=torch.float64,\n",
      "       grad_fn=<CopySlices>)\n",
      "            Smat = \n",
      "[[ 0.90303201 -0.29019402 -0.07739597]\n",
      " [-0.29019402  0.17214191 -0.20057272]\n",
      " [-0.07739597 -0.20057272  0.9361793 ]]\n",
      "Kai_NPT_N*V     =  tensor([[ 8.9541, -0.9991, -0.9234],\n",
      "        [-0.9991,  0.1778, -1.0243],\n",
      "        [-0.9234, -1.0243, 19.2597]], dtype=torch.float64,\n",
      "       grad_fn=<CopySlices>)\n",
      "Kai_NPT_lnx =  tensor(1.8710, dtype=torch.float64, grad_fn=<SelectBackward0>) tensor(1.0604, dtype=torch.float64, grad_fn=<SelectBackward0>)\n",
      "            Smat = \n",
      "[[ 0.90303201 -0.29019402 -0.07739597]\n",
      " [-0.29019402  0.17214191 -0.20057272]\n",
      " [-0.07739597 -0.20057272  0.9361793 ]]\n",
      "Kai_NPT_N*V     =  tensor([[ 8.9541, -0.9991, -0.9234],\n",
      "        [-0.9991,  0.1778, -1.0243],\n",
      "        [-0.9234, -1.0243, 19.2597]], dtype=torch.float64,\n",
      "       grad_fn=<CopySlices>)\n",
      "\n",
      "\n"
     ]
    }
   ],
   "source": [
    "Kai_NPT_lnx_list = []\n",
    "Kai_NPT_lnx1_list = []\n",
    "std_Kai_NPT_lnx_list = []\n",
    "# order2_std_Kai_NPT_lnx_list = []\n",
    "s0_list = []\n",
    "\n",
    "for idx_T, T in enumerate(Tlist):\n",
    "    Kai_NPT_lnx_list.append([])\n",
    "    Kai_NPT_lnx1_list.append([])\n",
    "    std_Kai_NPT_lnx_list.append([])\n",
    "    s0_list.append([])\n",
    "\n",
    "    for idx_molfrac_, molfrac_ in enumerate(molfrac_list):\n",
    "        dirname = \"A%.2fB%.2f/\"%(molfrac_list[idx_molfrac_][0], molfrac_list[idx_molfrac_][1])\n",
    "        s011, cov_s011 = read_kernel(dirname, \"11\")\n",
    "        s012, cov_s012 = read_kernel(dirname, \"12\")\n",
    "        s022, cov_s022 = read_kernel(dirname, \"22\")\n",
    "        s013, cov_s013 = read_kernel(dirname, \"13\")\n",
    "        s023, cov_s023 = read_kernel(dirname, \"23\")\n",
    "        s033, cov_s033 = read_kernel(dirname, \"33\")\n",
    "\n",
    "\n",
    "\n",
    "\n",
    "        x = molfrac_\n",
    "        print(\"Mole fraction of atoms in the system =\",x)\n",
    "\n",
    "\n",
    "        Smat = np.array([[s011, s012, s013], [s012, s022, s023], [s013, s023, s033]])\n",
    "        s0_list[-1].append(Smat)\n",
    "        std_Smat = np.sqrt(np.array([cov_s011, cov_s012, cov_s013, cov_s012, cov_s022, cov_s023, cov_s013, cov_s023, cov_s033]))\n",
    "        # print(\"   std_Smat = \", std_Smat)\n",
    "        varmat_Smat = np.outer(std_Smat, std_Smat)\n",
    "        # print(\"varmat_Smat = \")\n",
    "        # print(varmat_Smat)\n",
    "\n",
    "        Smat_ = torch.from_numpy(Smat.reshape(-1)).to(dtype=torch.float64).requires_grad_()\n",
    "        x_ = torch.tensor(x).to(torch.float64).requires_grad_(False)\n",
    "        \n",
    "        Kai_NPT_lnx_0 = KBI_mu(x_, Smat_, 1)\n",
    "        Kai_NPT_lnx_1 = KBI_mu(x_, Smat_, 2)\n",
    "        print(\"Kai_NPT_lnx = \", Kai_NPT_lnx_0, Kai_NPT_lnx_1)\n",
    "        jac = jacobian(KBI_mu, (x_, Smat_.reshape(-1)))[1]\n",
    "        # print(\"Jac = \")\n",
    "        # print(jac)\n",
    "        varmat_Smat_ = torch.from_numpy(varmat_Smat)\n",
    "        varmat_KaiNPT_lnx = torch.matmul(torch.matmul(jac, varmat_Smat_), jac.T)\n",
    "        \n",
    "        # print(\"          var_KaiNPT_lnx = \", varmat_KaiNPT_lnx)\n",
    "        # print(\"2nd order var_KaiNPT_lnx = \", order2_varmat_KaiNPT_lnx)\n",
    "        std_KaiNPT_lnx = torch.sqrt(varmat_KaiNPT_lnx)\n",
    "        # print(\"          std_KaiNPT_lnx = \", std_KaiNPT_lnx)\n",
    "        Kai_NPT_lnx_list[-1].append(Kai_NPT_lnx_0.detach().numpy())\n",
    "        Kai_NPT_lnx1_list[-1].append(Kai_NPT_lnx_1.detach().numpy())\n",
    "        std_Kai_NPT_lnx_list[-1].append(std_KaiNPT_lnx.detach().numpy())\n",
    "        print(\"\\n\")\n",
    "        "
   ]
  },
  {
   "cell_type": "code",
   "execution_count": 11,
   "metadata": {},
   "outputs": [
    {
     "name": "stdout",
     "output_type": "stream",
     "text": [
      "(1, 17, 3, 3)\n"
     ]
    },
    {
     "data": {
      "text/plain": [
       "<matplotlib.legend.Legend at 0x145a7c3d3d90>"
      ]
     },
     "execution_count": 11,
     "metadata": {},
     "output_type": "execute_result"
    },
    {
     "data": {
